0.0,0.04289460431221485,3372.568235138565
0.1,0.0358106085177488,3347.8990062650123
0.2,0.029520331994395434,3321.056777237404
0.30000000000000004,0.02402158450463064,3291.971263421878
0.4,0.01931217859441451,3260.6028922930495
0.5,0.015389929590914774,3226.9491795242075
0.6,0.012252655600266626,3191.050051892509
0.7,0.009898177505370597,3152.991372345193
0.7999999999999999,0.008324318963728053,3112.9059656304717
0.8999999999999999,0.007528906405313103,3070.9716208391565
0.9999999999999999,0.0075097690304820695,3027.4058599653904
1.0999999999999999,0.008264738807918642,2982.457671613644
1.2,0.009791650472615593,2936.396842453341
1.3,0.012088341523892149,2889.501882026647
1.4000000000000001,0.015152652223446654,2842.0477426008556
1.5000000000000002,0.018982425593444544,2794.2945349148517
1.6000000000000003,0.02357550741464147,2746.478236907755
1.7000000000000004,0.0289297462245401,2698.804041804491
1.8000000000000005,0.03504299331558139,2651.4425815834793
1.9000000000000006,0.04191310273337094,2604.5288811921905
2.0000000000000004,0.04953793127493718,2558.1636138376257
2.1000000000000005,0.05791533848702423,2512.416068155874
2.2000000000000006,0.06704318666441574,2467.328199471527
2.3000000000000007,0.07691934084829412,2422.9191918357365
2.400000000000001,0.08754166882463202,2379.190067966209
2.500000000000001,0.09890804112261092,2336.128015730547
2.600000000000001,0.11101633101307708,2293.7102263254583
2.700000000000001,0.1238644145070298,2251.907145325487
2.800000000000001,0.13745017035413207,2210.685117089547
2.9000000000000012,0.1517714800412643,2170.008455937816
3.0000000000000013,0.16682622779109993,2129.841008044869
3.1000000000000014,0.18261230056071281,2090.1472815629377
3.2000000000000015,0.19912758804021416,2050.893224454574
3.3000000000000016,0.21636998265142712,2012.0467244021868
3.4000000000000017,0.23433737954657755,1973.5778963790394
3.5000000000000018,0.2530276766070223,1935.4592133447488
3.600000000000002,0.27243877444200715,1897.6655255006754
3.700000000000002,0.2925685763874492,1860.1740043813625
3.800000000000002,0.313414988504749,1822.9640400914982
3.900000000000002,0.33497591957962336,1786.0171132768214
4.000000000000002,0.35724928112099497,1749.3166578517537
4.100000000000001,0.38023298735986116,1712.8479259484195
4.200000000000001,0.4039249552482284,1676.5978628452904
4.300000000000001,0.4283231044580713,1640.5549966442322
4.4,0.4534253573802885,1604.7093450844527
4.5,0.47922963912371985,1569.0523400290667
4.6,0.5057338775141687,1533.576768772861
4.699999999999999,0.5329360030934575,1498.2767303448247
4.799999999999999,0.5608339491185008,1463.1476043688717
4.899999999999999,0.5894256515604209,1428.1860297473927
4.999999999999998,0.6187090491036716,1393.3898903921825
5.099999999999998,0.648682083145201,1358.758305385846
5.1999999999999975,0.6793426977936002,1324.291621257716
5.299999999999997,0.7106888398683423,1289.991404443046
5.399999999999997,0.7427184588989975,1255.8604324152882
5.4999999999999964,0.7754295071244709,1221.9026823949239
5.599999999999996,0.8088199394922909,1188.1233169151997
5.699999999999996,0.8428877136578976,1154.5286658420719
5.799999999999995,0.8776307899839694,1121.1262046939003
5.899999999999995,0.9130471315397565,1087.9245292812852
5.999999999999995,0.9491347041004503,1054.933326794738
6.099999999999994,0.9858914761465676,1022.1633435155937
6.199999999999994,1.023315418863366,989.6263493255672
6.299999999999994,1.0614045061402633,957.3350991553527
6.399999999999993,1.1001567145703102,925.3032914555079
6.499999999999993,1.139570023449593,893.545523704269
6.5999999999999925,1.179642414776858,862.0772448972126
6.699999999999992,1.2203718732528892,830.9147048998059
6.799999999999992,1.2617563862801071,800.0749004920997
6.8999999999999915,1.3037939439621395,769.5755178983087
6.999999999999991,1.346482539103347,739.4348715750341
7.099999999999991,1.3898201672084414,709.671839031588
7.19999999999999,1.4338048264821135,680.3057914733735
7.29999999999999,1.4784345178286282,651.3565200942011
7.39999999999999,1.523707244851524,622.8441578939653
7.499999999999989,1.5696210138532034,594.7890969622164
7.599999999999989,1.6161738338347118,567.2119012443546
7.699999999999989,1.6633637164954265,540.1332148925549
7.799999999999988,1.7111886762326727,513.5736663963762
7.899999999999988,1.7596467301416185,487.5537687857285
7.999999999999988,1.808735898014934,462.09381629916913
8.099999999999987,1.8584542023426085,437.2137780114108
8.199999999999987,1.9087996683117083,412.9331890125611
8.299999999999986,1.9597703238062323,389.27103982651903
8.399999999999986,2.0113641994069202,366.2456648441454
8.499999999999986,2.063579328391074,343.87463062692984
8.599999999999985,2.116413746732411,322.17462500635594
8.699999999999985,2.1698654931010006,301.1613479613943
8.799999999999985,2.223932608863124,280.8494053000236
8.899999999999984,2.278613138081083,261.25220619846965
8.999999999999984,2.3339051275133094,242.38186566325126
9.099999999999984,2.3898066266141385,224.2491129749829
9.199999999999983,2.4463156875338368,206.8632071485514
9.299999999999983,2.5034303651185503,190.2318604017984
9.399999999999983,2.561148716910257,174.36117056417095
9.499999999999982,2.6194688031468094,159.2555632785162
9.599999999999982,2.6783886867618976,144.91774475450524
9.699999999999982,2.737906433385136,131.34866572204464
9.799999999999981,2.798020111342006,118.54749710964867
9.89999999999998,2.8587277916539393,106.5116178378626
9.99999999999998,2.920027548038412,95.23661497408155
